00100 00100 01100 01100 00011 11111 00011 11111 00100 00100 00100 11100 00110 11100 11111 11111 00110 10001 01110 11111 10001 10000 10001 10001 00100 11100 00100 11100 00111 11111 10001 10001 10001 10001 10001 11111 
01010 01100 10010 10010 00101 10000 00100 00001 01010 01010 01010 10010 01001 10010 10000 10000 01001 10001 00100 00001 10010 10000 11011 10001 01010 10010 01010 10010 01000 00100 10001 10001 10001 10001 10001 00001 
10001 01100 00001 00001 00101 10000 01000 00001 10001 10001 01010 10001 10000 10001 10000 10000 10000 10001 00100 00001 10100 10000 11011 11001 10001 10001 10001 10001 10000 00100 10001 10001 10001 10001 10001 00010 
10011 10100 00001 00001 01001 10000 10000 00010 10001 10001 10001 10001 10000 10001 10000 10000 10000 10001 00100 00001 10100 10000 10101 11001 10001 10001 10001 10001 10000 00100 10001 10001 10001 01010 01010 00010 
10011 00100 00001 00010 01001 10000 10000 00010 01010 01001 10001 10010 10000 10001 10000 10000 10000 10001 00100 00001 11000 10000 10101 10101 10001 10010 10001 10010 01000 00100 10001 10001 10001 01010 01010 00100 
10101 00100 00010 00100 11111 11100 11100 00100 00100 00111 11111 11100 10000 10001 11110 11110 10011 11111 00100 00001 10000 10000 10101 10101 10001 11100 10001 11100 00100 00100 10001 10001 10101 00100 00100 00100 
10101 00100 00100 00010 00001 00010 10010 00100 01010 00001 10001 10010 10000 10001 10000 10000 10001 10001 00100 00001 11000 10000 10001 10101 10001 10000 10001 10100 00010 00100 10001 10001 10101 00100 00100 00100 
11001 00100 00100 00001 00001 00001 10001 00100 10001 00001 10001 10001 10000 10001 10000 10000 10001 10001 00100 00001 10100 10000 10001 10101 10001 10000 10001 10100 00001 00100 10001 01010 10101 01010 00100 01000 
11001 00100 01000 00001 00001 00001 10001 01000 10001 00010 10001 10001 10000 10001 10000 10000 10001 10001 00100 00001 10100 10000 10001 10011 10001 10000 10101 10010 00001 00100 10001 01010 10101 01010 00100 01000 
10001 00100 01000 00001 00001 00001 10001 01000 10001 00010 10001 10001 10000 10001 10000 10000 10001 10001 00100 00001 10010 10000 10001 10011 10001 10000 10101 10010 00001 00100 10001 01010 10101 10001 00100 10000 
01010 00100 10000 10010 00001 10010 01010 01000 01010 00100 10001 10010 01001 10010 10000 10000 01001 10001 00100 10010 10010 10000 10001 10001 01010 10000 01010 10001 00010 00100 01010 00100 01010 10001 00100 10000 
00100 11111 11111 01100 00001 01100 00100 01000 00100 00100 10001 11100 00110 11100 11111 10000 00110 10001 11111 01100 10001 11111 10001 10001 00100 10000 00101 10001 11100 00100 00100 00100 01010 10001 00100 11111 
